   9
ID0000001M 0.000000 0.013275 0.054570 0.068856 0.013275 0.026789 0.040550 0.041106 0.054570
ID0000002M 0.013275 0.000000 0.068856 0.083419 0.026789 0.040550 0.054570 0.055325 0.068856
ID0000003M 0.054570 0.068856 0.000000 0.013275 0.068856 0.083419 0.013275 0.013453 0.026789
ID0000004M 0.068856 0.083419 0.013275 0.000000 0.083419 0.068856 0.026789 0.027152 0.013275
ID0000005M 0.013275 0.026789 0.068856 0.083419 0.000000 0.013275 0.054570 0.055325 0.068856
ID0000006M 0.026789 0.040550 0.083419 0.068856 0.013275 0.000000 0.068856 0.069818 0.054570
ID0000007M 0.040550 0.054570 0.013275 0.026789 0.054570 0.068856 0.000000 0.000000 0.013275
ID0000008M 0.041106 0.055325 0.013453 0.027152 0.055325 0.069818 0.000000 0.000000 0.013453
ID0000009M 0.054570 0.068856 0.026789 0.013275 0.068856 0.054570 0.013275 0.013453 0.000000
